,Unnamed: 0,Unnamed: 0.1,Unnamed: 0.1.1,City,Population,Violent Crime,Murder and Manslaughter,Rape - revised,Rape - legacy,Robbery,Aggravated Assault,PropertyCrime,Burglary,Larceny,Motor Vehicle Theft,Arson,MurderCat,Pop Squared,RobberyCat,ArsonCat,CarTheftCat,Predicted,Residual
0,0,0,0,Adams Village,1861.0,0,0.0,,0,0.0,0,12.0,2,10,0.0,0.0,0.0,3463321.0,0.0,0,0,-18.80897777926688,-30.808977779266876
1,1,1,1,Addison Town and Village,2577.0,3,0.0,,0,0.0,3,24.0,3,20,1.0,0.0,0.0,6640929.0,0.0,0,1,-7.366032041927987,-31.366032041927987
2,2,2,2,Akron Village,2846.0,3,0.0,,0,0.0,3,16.0,1,15,0.0,0.0,0.0,8099716.0,0.0,0,0,6.684666702149514,-9.315333297850486
3,3,3,4,Albion Village,6388.0,23,0.0,,3,4.0,16,223.0,53,165,5.0,,0.0,40806544.0,1.0,0,1,80.03813105085027,-142.96186894914973
4,4,4,5,Alfred Village,4089.0,5,0.0,,0,3.0,2,46.0,10,36,0.0,,0.0,16719921.0,1.0,0,0,27.624181035255408,-18.3758189647446
5,5,5,6,Allegany Village,1781.0,3,0.0,,0,0.0,3,10.0,0,10,0.0,0.0,0.0,3171961.0,0.0,0,0,-20.879527584864146,-30.879527584864146
6,6,6,8,Amityville Village,9519.0,9,0.0,,2,4.0,3,210.0,16,188,6.0,1.0,0.0,90611361.0,1.0,0,1,161.07427406741346,-48.92572593258657
7,7,7,9,Amsterdam,18182.0,30,0.0,,0,12.0,18,405.0,99,291,15.0,0.0,0.0,330585124.0,2.0,0,2,378.20046111827116,-38.03119215309057
8,8,8,10,Arcade Village,2053.0,0,0.0,,0,0.0,0,39.0,3,35,1.0,0.0,0.0,4214809.0,0.0,0,1,-20.928133268590106,-59.928133268590095
9,9,9,11,Ardsley Village,4523.0,5,0.0,,0,3.0,2,33.0,4,28,1.0,0.0,0.0,20457529.0,1.0,0,1,31.768438707863922,-1.231561292136078
10,10,10,12,Asharoken Village,658.0,0,0.0,,0,0.0,0,2.0,0,2,0.0,0.0,0.0,432964.0,0.0,0,0,-49.94487048093582,-51.94487048093582
11,11,11,13,Attica Village,2522.0,2,0.0,,0,0.0,2,5.0,0,4,1.0,0.0,0.0,6360484.0,0.0,0,1,-8.789535033276103,-13.789535033276104
12,12,12,14,Auburn,27270.0,96,1.0,,20,22.0,53,859.0,132,721,6.0,,1.0,743652900.0,2.0,0,1,753.0988200169992,-117.13283325436235
13,13,13,15,Avon Village,3333.0,1,0.0,,0,1.0,0,25.0,3,20,2.0,,0.0,11108889.0,1.0,0,1,0.9690103496045168,-24.030989650395483
14,14,14,16,Baldwinsville Village,7473.0,5,0.0,,0,1.0,4,88.0,10,77,1.0,0.0,0.0,55845729.0,1.0,0,1,108.11996278926323,20.11996278926324
15,15,15,17,Ballston Spa Village,5418.0,8,0.0,,0,3.0,5,94.0,16,78,0.0,1.0,0.0,29354724.0,1.0,0,0,62.02118968074007,-31.978810319259928
16,16,16,18,Batavia,15374.0,57,0.0,,7,13.0,37,559.0,103,454,2.0,,0.0,236359876.0,2.0,0,1,312.6126379645637,-257.61901530679796
17,17,17,19,Bath Village,5733.0,15,0.0,,1,3.0,11,191.0,32,157,2.0,2.0,0.0,32867289.0,1.0,1,1,219.93050697271443,28.930506972714447
18,18,18,20,Bedford Town,17627.0,5,0.0,,0,1.0,4,156.0,26,127,3.0,,0.0,310711129.0,1.0,0,1,370.92449686469683,214.92449686469683
19,19,19,21,Bethlehem Town,34243.0,13,0.0,,0,3.0,10,442.0,50,388,4.0,,0.0,1172583049.0,1.0,0,1,800.9776914872498,358.97769148724984
20,20,20,23,Black River,1410.0,0,0.0,,0,0.0,0,14.0,2,12,0.0,0.0,0.0,1988100.0,0.0,0,0,-30.48170230832148,-44.481702308321466
21,21,21,24,Blooming Grove Town,12001.0,8,0.0,,1,0.0,7,99.0,20,72,7.0,,0.0,144024001.0,0.0,0,1,236.54473505743042,137.54473505743044
22,22,22,25,Bolivar Village,1022.0,1,0.0,,0,0.0,1,4.0,2,2,0.0,0.0,0.0,1044484.0,0.0,0,0,-40.52386886546825,-44.52386886546825
23,23,23,26,Bolton Town,2325.0,2,0.0,,0,0.0,2,24.0,4,20,0.0,0.0,0.0,5405625.0,0.0,0,0,-6.799788906802704,-30.799788906802704
24,24,24,27,Boonville Village,2054.0,1,0.0,,0,0.0,1,20.0,6,14,0.0,0.0,0.0,4218916.0,0.0,0,0,-13.813776373263455,-33.81377637326346
25,25,25,28,Brant Town,2065.0,4,0.0,,0,1.0,3,31.0,9,20,2.0,0.0,0.0,4264225.0,1.0,0,1,-31.8492040691122,-62.84920406911222
26,26,26,29,Brewster,2358.0,0,0.0,,0,0.0,0,13.0,3,10,0.0,0.0,0.0,5560164.0,0.0,0,0,-5.945687111993834,-18.945687111993834
27,27,27,30,Briarcliff Manor Village,7976.0,1,0.0,,0,0.0,1,11.0,1,10,0.0,0.0,0.0,63616576.0,0.0,0,0,139.45867298607448,128.45867298607448
28,28,28,31,Brighton Town,36689.0,26,1.0,,2,10.0,13,793.0,142,623,28.0,,1.0,1346082721.0,2.0,0,2,989.7917027307512,185.5600494593896
29,29,29,32,Brockport Village,8284.0,23,1.0,,1,5.0,16,165.0,29,132,4.0,,1.0,68624656.0,1.0,0,1,261.7055874036272,96.7055874036272
30,30,30,33,Bronxville Village,6390.0,0,0.0,,0,0.0,0,47.0,5,39,3.0,0.0,0.0,40832100.0,0.0,0,1,91.32154806735191,44.32154806735189
31,31,31,34,Brownville Village,1174.0,0,0.0,,0,0.0,0,10.0,0,10,0.0,0.0,0.0,1378276.0,0.0,0,0,-36.58982423483343,-46.58982423483343
32,32,32,36,Cairo Town,6577.0,0,0.0,,0,0.0,0,15.0,1,14,0.0,,0.0,43256929.0,0.0,0,0,103.2499332606922,88.2499332606922
33,33,33,37,Cambridge Village,1854.0,2,0.0,,0,0.0,2,44.0,12,31,1.0,,0.0,3437316.0,0.0,0,1,-26.078625910013308,-70.0786259100133
34,34,34,38,Camden Village,2219.0,5,0.0,,0,0.0,5,46.0,4,42,0.0,0.0,0.0,4923961.0,0.0,0,0,-9.54326739921909,-55.54326739921909
35,35,35,39,Camillus Town and Village,24165.0,14,0.0,,1,0.0,13,348.0,36,307,5.0,1.0,0.0,583947225.0,0.0,0,1,551.3718329984954,203.37183299849545
36,36,36,40,Canandaigua,10470.0,22,0.0,,0,9.0,13,315.0,54,253,8.0,,0.0,109620900.0,2.0,0,1,185.68793488145096,-140.5437183899107
37,37,37,41,Canastota Village,4704.0,4,0.0,,0,0.0,4,60.0,8,51,1.0,,0.0,22127616.0,0.0,0,1,47.68471091438943,-12.315289085610573
38,38,38,42,Canisteo Village,2246.0,3,0.0,,0,1.0,2,12.0,3,9,0.0,0.0,0.0,5044516.0,1.0,0,0,-20.076110111191696,-32.076110111191696
39,39,39,43,Canton Village,6794.0,3,0.0,,0,1.0,2,93.0,12,80,1.0,,0.0,46158436.0,1.0,0,1,90.5461713142564,-2.453828685743588
40,40,40,44,Cape Vincent Village,762.0,0,0.0,,0,0.0,0,2.0,0,2,0.0,0.0,0.0,580644.0,0.0,0,0,-47.25315573365936,-49.25315573365936
41,41,41,45,Carmel Town,34462.0,10,0.0,,2,0.0,8,198.0,31,158,9.0,1.0,0.0,1187629444.0,0.0,0,1,817.877474851434,619.877474851434
42,42,42,46,Carroll Town,3481.0,0,0.0,,0,0.0,0,8.0,3,5,0.0,0.0,0.0,12117361.0,0.0,0,0,23.11965578407785,15.11965578407785
43,43,43,47,Carthage Village,3862.0,1,0.0,,1,0.0,0,60.0,12,47,1.0,,0.0,14915044.0,0.0,0,1,25.892174210478156,-34.10782578952184
44,44,44,48,Cattaraugus Village,980.0,0,0.0,,0,0.0,0,4.0,0,4,0.0,0.0,0.0,960400.0,0.0,0,0,-41.61090751340681,-45.61090751340682
45,45,45,49,Cayuga Heights Village,3749.0,1,0.0,,0,1.0,0,59.0,12,47,0.0,,0.0,14055001.0,1.0,0,0,18.824344361467013,-40.175655638532994
46,46,46,50,Cazenovia Village,2732.0,0,0.0,,0,0.0,0,58.0,5,52,1.0,,0.0,7463824.0,0.0,0,1,-3.3543417935832665,-61.35434179358327
47,47,47,51,Central Square Village,1835.0,3,0.0,,0,2.0,1,53.0,6,45,2.0,0.0,0.0,3367225.0,1.0,0,1,-37.802034760204364,-90.80203476020435
48,48,48,52,Chatham Village,1733.0,3,0.0,,0,0.0,3,32.0,5,27,0.0,0.0,0.0,3003289.0,0.0,0,0,-22.121857468222508,-54.1218574682225
49,49,49,53,Cheektowaga Town,78361.0,158,0.0,,11,48.0,99,2689.0,345,"2,271",73.0,2.0,0.0,6140446321.0,2.0,1,2,2092.5906729614394,-607.6409803099223
50,50,50,54,Chester Town,7990.0,0,0.0,,0,0.0,0,25.0,9,16,0.0,,0.0,63840100.0,0.0,0,0,139.82101920205398,114.821019202054
51,51,51,55,Chittenango Village,5016.0,1,0.0,,0,0.0,1,65.0,11,53,1.0,,0.0,25160256.0,0.0,0,1,55.75985515621878,-9.240144843781225
52,52,52,56,Cicero Town,29571.0,12,0.0,,0,2.0,10,440.0,45,393,2.0,,0.0,874444041.0,1.0,0,1,680.0575828403693,240.05758284036915
53,53,53,57,Clarkstown Town,80705.0,65,0.0,,8,17.0,40,1515.0,99,"1,388",28.0,,0.0,6513297025.0,2.0,0,2,1996.4127798102481,470.18112653888636
54,54,54,58,Clyde Village,2049.0,4,0.0,,0,3.0,1,60.0,16,43,1.0,,0.0,4198401.0,1.0,0,1,-32.26331403023165,-92.26331403023164
55,55,55,59,Cobleskill Village,4503.0,5,0.0,,0,3.0,2,218.0,14,204,0.0,1.0,0.0,20277009.0,1.0,0,0,38.33927627922128,-179.66072372077872
56,56,56,60,Coeymans Town,7458.0,39,0.0,,2,0.0,37,86.0,13,69,4.0,1.0,0.0,55621764.0,0.0,0,1,118.96338797207544,32.963387972075445
57,57,57,61,Cohoes,16179.0,26,0.0,,1,11.0,14,243.0,65,163,15.0,,0.0,261760041.0,2.0,0,2,326.3590703606295,72.1274170892678
58,58,58,62,Colonie Town,78215.0,63,0.0,,0,31.0,32,1990.0,186,"1,753",51.0,10.0,0.0,6117586225.0,2.0,1,2,2088.8119195662243,87.58026629486267
59,59,59,63,Cooperstown Village,1827.0,1,0.0,,0,0.0,1,16.0,2,14,0.0,,0.0,3337929.0,0.0,0,0,-19.688961446645717,-35.68896144664571
60,60,60,64,Corning,11087.0,35,0.0,,3,8.0,24,416.0,63,349,4.0,0.0,0.0,122921569.0,1.0,0,1,201.65705025712,-214.34294974288
61,61,61,65,Cornwall-on-Hudson Village,2978.0,2,0.0,,0,0.0,2,22.0,8,14,0.0,,0.0,8868484.0,0.0,0,0,10.101073881385004,-11.898926118614993
62,62,62,66,Cornwall Town,9543.0,1,0.0,,0,0.0,1,42.0,10,32,0.0,,0.0,91068849.0,0.0,0,0,180.015567303211,138.01556730321101
63,63,63,67,Cortland,19331.0,18,0.0,,3,3.0,12,398.0,88,306,4.0,1.0,0.0,373687561.0,1.0,0,1,415.0272077239186,17.02720772391865
64,64,64,68,Crawford Town,9264.0,11,0.0,,0,2.0,9,113.0,16,97,0.0,,0.0,85821696.0,1.0,0,0,161.56287158482883,48.56287158482883
65,65,65,69,Croton-on-Hudson Village,8180.0,1,0.0,,0,1.0,0,53.0,8,43,2.0,,0.0,66912400.0,1.0,0,1,126.41844669622914,73.41844669622913
66,66,66,70,Cuba Town,3209.0,5,0.0,,1,0.0,4,81.0,7,72,2.0,0.0,0.0,10297681.0,0.0,0,1,8.991311422290451,-72.00868857770955
67,67,67,71,Dansville Village,4605.0,2,0.0,,0,1.0,1,152.0,24,120,8.0,0.0,0.0,21206025.0,1.0,0,1,33.890752258601104,-118.10924774139887
68,68,68,72,Deerpark Town,7827.0,7,0.0,,2,2.0,3,152.0,52,100,0.0,,0.0,61261929.0,1.0,0,0,124.37062070178786,-27.629379298212147
69,69,69,73,Delhi Village,2985.0,1,0.0,,0,0.0,1,36.0,4,30,2.0,,0.0,8910225.0,0.0,0,1,3.193771966618087,-32.80622803338191
70,70,70,74,Depew Village,15189.0,17,0.0,,3,2.0,12,310.0,54,251,5.0,2.0,0.0,230705721.0,1.0,1,1,464.66949399431184,154.66949399431184
71,71,71,75,Deposit Village,1628.0,0,0.0,,0,0.0,0,14.0,6,8,0.0,0.0,0.0,2650384.0,0.0,0,0,-24.839454088068923,-38.839454088068926
72,72,72,76,Dewitt Town,22681.0,20,0.0,,0,10.0,10,715.0,85,618,12.0,0.0,0.0,514427761.0,2.0,0,2,494.6430058105477,-231.58864746081403
73,73,73,77,Dexter Village,1122.0,0,0.0,,0,0.0,0,8.0,2,6,0.0,0.0,0.0,1258884.0,0.0,0,0,-37.93568160847165,-45.935681608471654
74,74,74,78,Dobbs Ferry Village,11021.0,1,0.0,,0,0.0,1,104.0,13,89,2.0,0.0,0.0,121462441.0,0.0,0,1,211.180499938864,107.18049993886393
75,75,75,79,Dolgeville Village,2191.0,7,0.0,,0,0.0,7,41.0,6,34,1.0,,0.0,4800481.0,0.0,0,1,-17.356434853934807,-58.35643485393482
76,76,76,80,Dryden Village,1913.0,3,0.0,,0,1.0,2,99.0,6,93,0.0,,0.0,3659569.0,1.0,0,0,-28.694773676990337,-127.69477367699034
77,77,77,81,Dunkirk,12329.0,40,0.0,,0,12.0,28,307.0,78,228,1.0,,0.0,152004241.0,2.0,0,1,233.8023359890176,-84.42931728234412
78,78,78,82,East Aurora-Aurora Town,13774.0,5,0.0,,0,2.0,3,131.0,24,105,2.0,0.0,0.0,189723076.0,1.0,0,1,271.2016418526183,140.20164185261828
79,79,79,83,Eastchester Town,19800.0,2,0.0,,0,0.0,2,168.0,13,154,1.0,0.0,0.0,392040000.0,0.0,0,1,438.3974592305944,270.3974592305944
80,80,80,84,East Fishkill Town,29315.0,9,1.0,,0,1.0,7,165.0,18,141,6.0,,1.0,859369225.0,1.0,0,1,806.0272494225792,641.0272494225793
81,81,81,85,East Greenbush Town,16470.0,12,0.0,,0,4.0,8,373.0,36,330,7.0,4.0,0.0,271260900.0,1.0,1,1,497.8241727564381,124.82417275643814
82,82,82,86,East Hampton Town,19674.0,20,0.0,,2,1.0,17,300.0,56,237,7.0,,0.0,387066276.0,1.0,0,1,423.90469001541703,123.90469001541695
83,83,83,87,East Hampton Village,1104.0,0,0.0,,0,0.0,0,66.0,4,60,2.0,0.0,0.0,1218816.0,0.0,0,1,-45.490030337487724,-111.49003033748771
84,84,84,88,East Rochester Village,6596.0,8,1.0,,0,3.0,4,125.0,25,97,3.0,,1.0,43507216.0,1.0,0,1,218.0169865055248,93.01698650552478
85,85,85,89,East Syracuse Village,3036.0,8,0.0,,0,4.0,4,147.0,19,121,7.0,0.0,0.0,9217296.0,1.0,0,1,-6.717905803675343,-153.71790580367534
86,86,86,90,Eden Town,7684.0,1,0.0,,0,0.0,1,31.0,7,24,0.0,0.0,0.0,59043856.0,0.0,0,0,131.90116619564444,100.90116619564444
87,87,87,91,Ellenville Village,4124.0,17,0.0,,1,2.0,14,173.0,41,132,0.0,1.0,0.0,17007376.0,1.0,0,0,28.53004657520421,-144.46995342479582
88,88,88,92,Ellicott Town,5144.0,7,0.0,,1,1.0,5,288.0,53,235,0.0,,0.0,26460736.0,1.0,0,0,54.9295565965694,-233.0704434034306
89,89,89,93,Elmira,28921.0,81,0.0,,2,29.0,50,1027.0,224,790,13.0,,0.0,836424241.0,2.0,0,2,656.1458906471348,-382.08576262422685
90,90,90,94,Elmira Heights Village,4079.0,2,0.0,,0,1.0,1,89.0,9,78,2.0,0.0,0.0,16638241.0,1.0,0,1,20.276887286799067,-68.72311271320093
91,91,91,95,Elmira Town,5948.0,0,0.0,,0,0.0,0,1.0,0,1,0.0,0.0,0.0,35378704.0,0.0,0,0,86.97023541418365,85.97023541418365
92,92,92,96,Endicott Village,13122.0,46,0.0,,4,13.0,29,604.0,138,455,11.0,,0.0,172186884.0,2.0,0,2,247.23818591424384,-367.9934673571178
93,93,93,97,Evans Town,16292.0,17,0.0,,1,1.0,15,313.0,48,259,6.0,5.0,0.0,265429264.0,1.0,1,1,493.2171994389842,180.2171994389841
94,94,94,98,Fairport Village,5335.0,5,0.0,,1,0.0,4,53.0,13,37,3.0,,0.0,28462225.0,0.0,0,1,64.01617250603789,11.016172506037893
95,95,95,99,Fallsburg Town,12109.0,22,1.0,,0,0.0,21,162.0,65,96,1.0,,1.0,146627881.0,0.0,0,1,371.9354032551083,209.9354032551084
96,96,96,100,Fishkill Town,20435.0,3,0.0,,0,1.0,2,276.0,28,243,5.0,0.0,0.0,417589225.0,1.0,0,1,443.60079504116095,167.60079504116098
97,97,97,101,Floral Park Village,15926.0,14,0.0,,2,7.0,5,72.0,16,44,12.0,0.0,0.0,253637476.0,1.0,0,2,319.81095660042814,247.81095660042809
98,98,98,102,Florida Village,2842.0,0,0.0,,0,0.0,0,44.0,5,39,0.0,,0.0,8076964.0,0.0,0,0,6.5811392118696554,-37.418860788130345
99,99,99,103,Fort Plain Village,2265.0,4,0.0,,0,1.0,3,90.0,23,65,2.0,,0.0,5130225.0,1.0,0,1,-26.672829555119034,-116.67282955511902
100,100,100,104,Frankfort Town,5033.0,0,0.0,,0,0.0,0,50.0,22,27,1.0,,0.0,25331089.0,0.0,0,1,56.1998469899082,6.199846989908195
101,101,101,105,Frankfort Village,2579.0,5,0.0,,0,0.0,5,33.0,4,28,1.0,,0.0,6651241.0,0.0,0,1,-7.31426829678805,-40.31426829678805
102,102,102,106,Franklinville Village,1702.0,1,0.0,,0,1.0,0,32.0,0,32,0.0,0.0,0.0,2896804.0,1.0,0,0,-34.15584878925314,-66.15584878925314
103,103,103,107,Fredonia Village,10988.0,10,0.0,,2,5.0,3,208.0,26,182,0.0,,0.0,120736144.0,1.0,0,0,206.18321989544998,-1.816780104549992
104,104,104,108,Freeport Village,43214.0,152,0.0,,2,76.0,74,933.0,168,698,67.0,8.0,0.0,1867449796.0,2.0,1,2,1182.920497744849,238.68884447348728
105,105,105,109,Friendship Town,1960.0,0,0.0,,0,0.0,0,16.0,6,10,0.0,0.0,0.0,3841600.0,0.0,0,0,-16.246672394840253,-32.24667239484025
106,106,106,110,Fulton City,11739.0,24,0.0,,3,7.0,14,463.0,81,376,6.0,1.0,0.0,137804121.0,1.0,0,1,218.53203117273773,-244.46796882726227
107,107,107,111,Garden City Village,22596.0,10,0.0,,0,4.0,6,346.0,33,303,10.0,2.0,0.0,510579216.0,1.0,1,2,649.2880490972925,303.2880490972925
108,108,108,112,Gates Town,28468.0,57,0.0,,4,19.0,34,1051.0,95,922,34.0,,0.0,810427024.0,2.0,0,2,644.4214023729402,-417.81025089842143
109,109,109,113,Geddes Town,10442.0,7,0.0,,0,2.0,5,251.0,21,222,8.0,1.0,0.0,109035364.0,1.0,0,1,184.963242449492,-66.03675755050804
110,110,110,114,Geneseo Village,7891.0,6,0.0,,3,3.0,0,162.0,7,155,0.0,0.0,0.0,62267881.0,1.0,0,0,126.02706054626566,-35.97293945373435
111,111,111,115,Geneva,13194.0,28,1.0,,4,5.0,18,343.0,65,275,3.0,1.0,1.0,174081636.0,1.0,0,1,388.78558172215963,45.78558172215969
112,112,112,116,Germantown Town,1926.0,0,0.0,,0,0.0,0,9.0,2,7,0.0,0.0,0.0,3709476.0,0.0,0,0,-17.12665606221909,-26.12665606221909
113,113,113,117,Glen Cove,27134.0,3,0.0,,0,1.0,2,62.0,5,54,3.0,0.0,0.0,736253956.0,1.0,0,1,616.9834593873622,554.9834593873622
114,114,114,118,Glen Park Village,526.0,0,0.0,,0,0.0,0,5.0,0,5,0.0,0.0,0.0,276676.0,0.0,0,0,-53.36127766017132,-58.36127766017132
115,115,115,119,Glens Falls,14582.0,22,0.0,,2,3.0,17,343.0,50,288,5.0,,0.0,212634724.0,1.0,0,1,292.1141948891507,-50.88580511084928
116,116,116,120,Glenville Town,21839.0,13,0.0,,0,2.0,11,492.0,57,424,11.0,,0.0,476941921.0,1.0,0,2,472.8504691066365,-19.14953089336353
117,117,117,121,Gloversville,15315.0,33,0.0,,9,6.0,18,686.0,111,560,15.0,0.0,0.0,234549225.0,1.0,0,2,303.997132460179,-382.002867539821
118,118,118,122,Goshen Village,5400.0,2,0.0,,1,1.0,0,64.0,2,62,0.0,0.0,0.0,29160000.0,1.0,0,0,61.555315974480656,-2.4446840255193365
119,119,119,123,Gowanda Village,2663.0,5,0.0,,0,0.0,5,29.0,11,16,2.0,,0.0,7091569.0,0.0,0,1,-5.14019100091091,-34.14019100091091
120,120,120,124,Granville Village,2498.0,6,0.0,,1,0.0,5,26.0,7,19,0.0,1.0,0.0,6240004.0,0.0,0,0,-2.32222495219861,-28.32222495219861
121,121,121,125,Great Neck Estates Village,2794.0,0,0.0,,0,0.0,0,20.0,6,12,2.0,0.0,0.0,7806436.0,0.0,0,1,-1.749665694245394,-21.7496656942454
122,122,122,126,Greece Town,96667.0,151,0.0,,9,60.0,82,2303.0,332,"1,925",46.0,,0.0,9344508889.0,2.0,0,2,2409.539229772043,95.30757650068108
123,123,123,127,Greenburgh Town,44787.0,48,1.0,,5,16.0,26,578.0,55,501,22.0,,1.0,2005875369.0,2.0,0,2,1199.3831068023349,610.1514535309733
124,124,124,128,Greene Village,1553.0,0,0.0,,0,0.0,0,1.0,1,0,0.0,0.0,0.0,2411809.0,0.0,0,0,-26.78059453081637,-27.78059453081637
125,125,125,129,Green Island Village,2621.0,2,0.0,,0,1.0,1,42.0,7,31,4.0,,0.0,6869641.0,1.0,0,1,-17.458882920211177,-59.458882920211174
126,126,126,130,Greenport Town,4065.0,2,0.0,,0,1.0,1,213.0,10,201,2.0,,0.0,16524225.0,1.0,0,1,19.91454107081954,-193.08545892918045
127,127,127,131,Greenwood Lake Village,3118.0,2,0.0,,0,0.0,2,21.0,3,16,2.0,,0.0,9721924.0,0.0,0,1,6.636061018423548,-14.363938981576453
128,128,128,132,Groton Village,2381.0,2,0.0,,2,0.0,0,38.0,6,31,1.0,,0.0,5669161.0,0.0,0,1,-12.438879065641295,-50.438879065641295
129,129,129,133,Guilderland Town,33805.0,12,0.0,,3,5.0,4,672.0,48,623,1.0,,0.0,1142778025.0,1.0,0,1,789.6414313016047,117.64143130160484
130,130,130,134,Hamburg Town,45535.0,38,1.0,,1,12.0,24,1167.0,134,"1,012",21.0,6.0,1.0,2073436225.0,2.0,1,2,1375.5877499398612,197.35609666849945
131,131,131,135,Hamburg Village,9517.0,8,0.0,,2,0.0,6,161.0,40,121,0.0,0.0,0.0,90573289.0,0.0,0,0,179.34263861639187,18.342638616391863
132,132,132,136,Hammondsport Village,656.0,0,0.0,,0,0.0,0,10.0,1,9,0.0,0.0,0.0,430336.0,0.0,0,0,-49.996634226075756,-59.996634226075756
133,133,133,137,Harrison Town,27876.0,6,0.0,,0,1.0,5,225.0,27,194,4.0,,0.0,777071376.0,1.0,0,1,636.1878088342771,411.1878088342771
134,134,134,138,Hastings-on-Hudson Village,7937.0,1,0.0,,0,1.0,0,81.0,4,75,2.0,0.0,0.0,62995969.0,1.0,0,1,120.1291516617274,39.129151661727406
135,135,135,139,Haverstraw Town,37196.0,64,0.0,,3,16.0,45,340.0,83,244,13.0,3.0,0.0,1383542416.0,2.0,1,2,1027.1633886187942,675.9317353474328
136,136,136,141,Herkimer Village,7693.0,53,0.0,,9,3.0,41,379.0,49,330,0.0,1.0,0.0,59182249.0,1.0,0,0,120.90244977741241,-258.0975502225876
137,137,137,142,Highland Falls Village,3847.0,3,0.0,,0,0.0,3,39.0,8,31,0.0,0.0,0.0,14799409.0,0.0,0,0,32.59242114468536,-6.40757885531464
138,138,138,143,Homer Village,3270.0,0,0.0,,0,0.0,0,33.0,3,29,1.0,0.0,0.0,10692900.0,0.0,0,1,10.570105649058364,-22.429894350941638
139,139,139,144,Hoosick Falls Village,3466.0,9,0.0,,1,1.0,7,38.0,10,26,2.0,,0.0,12013156.0,1.0,0,1,4.411299401409977,-33.58870059859002
140,140,140,145,Hornell,8481.0,5,0.0,,0,0.0,5,112.0,18,94,0.0,,0.0,71927361.0,0.0,0,0,152.52901863390724,40.52901863390724
141,141,141,146,Horseheads Village,6701.0,2,0.0,,0,0.0,2,110.0,20,90,0.0,0.0,0.0,44903401.0,0.0,0,0,106.45928545936798,-3.540714540632024
142,142,142,147,Hudson,6676.0,26,0.0,,1,8.0,17,198.0,25,172,1.0,,0.0,44568976.0,1.0,0,1,87.49211035100046,-110.50788964899955
143,143,143,148,Hudson Falls Village,7187.0,6,0.0,,0,2.0,4,112.0,22,90,0.0,,0.0,51652969.0,1.0,0,0,107.8062222570097,-4.1937777429903065
144,144,144,149,Huntington Bay Village,1428.0,1,0.0,,0,0.0,1,12.0,0,11,1.0,1.0,0.0,2039184.0,0.0,0,1,-37.10430362481878,-49.10430362481878
145,145,145,150,Hyde Park Town,21397.0,18,0.0,,3,4.0,11,180.0,42,133,5.0,0.0,0.0,457831609.0,1.0,0,1,468.4991564534682,288.4991564534682
146,146,146,151,Ilion Village,8002.0,15,0.0,,1,2.0,12,128.0,21,106,1.0,,0.0,64032004.0,1.0,0,1,121.81147337877519,-6.18852662122481
147,147,147,152,Irondequoit Town,51506.0,93,1.0,,6,51.0,35,1353.0,271,"1,049",33.0,,1.0,2652868036.0,2.0,0,2,1373.2834085999355,9.05175532857379
148,148,148,153,Irvington Village,6530.0,0,0.0,,0,0.0,0,23.0,4,19,0.0,0.0,0.0,42640900.0,0.0,0,0,102.03348524990379,79.03348524990379
149,149,149,154,Jamestown,30658.0,168,0.0,,19,39.0,110,1140.0,281,829,30.0,,0.0,939912964.0,2.0,0,2,701.1027033011653,-450.1289499701962
150,150,150,155,Johnson City Village,14866.0,69,1.0,,6,20.0,42,949.0,111,828,10.0,,1.0,220997956.0,2.0,0,2,424.9715976363858,-535.2600556349756
151,151,151,156,Johnstown,8531.0,14,0.0,,1,4.0,9,316.0,29,273,14.0,,0.0,72777961.0,1.0,0,2,128.41450894553046,-187.5854910544696
152,152,152,157,Jordan Village,1350.0,1,0.0,,0,0.0,1,2.0,0,2,0.0,0.0,0.0,1822500.0,0.0,0,0,-32.03461466251944,-34.03461466251944
153,153,153,158,Kenmore Village,15256.0,26,1.0,,2,10.0,13,220.0,34,181,5.0,0.0,1.0,232745536.0,2.0,0,1,442.1540029614292,210.9223496900676
154,154,154,159,Kent Town,13381.0,1,0.0,,1,0.0,0,98.0,22,71,5.0,0.0,0.0,179051161.0,0.0,0,1,272.26171920398343,174.26171920398338
155,155,155,160,Kings Point Village,5042.0,1,0.0,,0,0.0,1,16.0,4,11,1.0,0.0,0.0,25421764.0,0.0,0,1,56.4327838430379,40.432783843037896
156,156,156,161,Kingston,23665.0,74,1.0,,4,25.0,44,687.0,112,565,10.0,1.0,1.0,560032225.0,2.0,0,2,652.7061943795156,-45.52545889184603
157,157,157,162,Kirkland Town,8296.0,0,0.0,,0,0.0,0,103.0,21,81,1.0,,0.0,68823616.0,0.0,0,1,140.65239718570686,37.65239718570686
158,158,158,163,Lackawanna,17965.0,89,1.0,,13,11.0,64,533.0,100,398,35.0,3.0,1.0,322741225.0,2.0,1,2,662.0245231859021,117.79286991454046
159,159,159,164,Lake Placid Village,2491.0,2,0.0,,0,0.0,2,51.0,11,38,2.0,1.0,0.0,6205081.0,0.0,0,1,-9.591873082945053,-60.59187308294505
160,160,160,165,Lake Success Village,3009.0,2,0.0,,0,0.0,2,32.0,10,21,1.0,,0.0,9054081.0,0.0,0,1,3.8149369082972697,-28.185063091702727
161,161,161,166,Lakewood-Busti,7280.0,1,0.0,,0,1.0,0,341.0,23,316,2.0,,0.0,52998400.0,1.0,0,1,103.1247613832598,-237.87523861674012
162,162,162,167,Lancaster Town,36369.0,15,0.0,,1,4.0,10,547.0,44,494,9.0,0.0,0.0,1322704161.0,1.0,0,1,856.0025525709973,309.0025525709973
163,163,163,168,Larchmont Village,5930.0,2,0.0,,0,0.0,2,87.0,8,77,2.0,,0.0,35164900.0,0.0,0,1,79.41588668516759,-7.584113314832393
164,164,164,169,Le Roy Village,4354.0,11,0.0,,2,1.0,8,84.0,17,67,0.0,,0.0,18957316.0,1.0,0,0,34.48287726629637,-49.51712273370363
165,165,165,170,Lewiston Town and Village,16175.0,12,0.0,,0,1.0,11,134.0,30,96,8.0,,0.0,261630625.0,1.0,0,1,333.3440178931064,199.3440178931064
166,166,166,171,Liberty Village,4285.0,21,0.0,,2,2.0,17,206.0,43,160,3.0,,0.0,18361225.0,1.0,0,1,25.60855303621203,-180.39144696378798
167,167,167,172,Little Falls,4912.0,16,0.0,,3,1.0,12,130.0,18,111,1.0,,0.0,24127744.0,1.0,0,1,41.83648713758065,-88.16351286241934
168,168,168,173,Liverpool Village,2311.0,2,0.0,,0,1.0,1,46.0,6,39,1.0,0.0,0.0,5340721.0,1.0,0,1,-25.4822634169006,-71.4822634169006
169,169,169,174,Lloyd Harbor Village,3683.0,0,0.0,,0,0.0,0,18.0,2,16,0.0,0.0,0.0,13564489.0,0.0,0,0,28.347794043210953,10.347794043210953
170,170,170,175,Lloyd Town,10751.0,6,0.0,,0,0.0,6,118.0,20,95,3.0,0.0,0.0,115584001.0,0.0,0,1,204.19239434497314,86.19239434497314
171,171,171,176,Lockport,20904.0,70,0.0,,6,24.0,40,649.0,120,523,6.0,,0.0,436977216.0,2.0,0,1,455.73939327647486,-204.4922599948867
172,172,172,177,Long Beach,33534.0,35,0.0,,1,13.0,21,337.0,42,277,18.0,,0.0,1124529156.0,2.0,0,2,775.5389688123872,427.3073155410257
173,173,173,178,Lowville Village,3457.0,2,0.0,,0,0.0,2,58.0,7,47,4.0,,0.0,11950849.0,0.0,0,1,15.410015819641984,-42.589984180358016
174,174,174,179,Lynbrook Village,19528.0,12,0.0,,1,3.0,8,164.0,18,128,18.0,,0.0,381342784.0,1.0,0,2,413.0374615974452,249.0374615974453
175,175,175,180,Lyons Village,3543.0,27,0.0,,5,3.0,19,179.0,34,142,3.0,,0.0,12552849.0,1.0,0,1,6.404203589297353,-172.59579641070263
176,176,176,181,Macedon Town and Village,9132.0,4,0.0,,0,1.0,3,61.0,7,52,2.0,,0.0,83393424.0,1.0,0,1,151.05798938283664,90.05798938283665
177,177,177,182,Malone Village,5881.0,4,0.0,,0,2.0,2,192.0,28,161,3.0,2.0,0.0,34586161.0,1.0,1,1,223.76102411306942,31.761024113069425
178,178,178,183,Malverne Village,8542.0,4,0.0,,0,3.0,1,21.0,3,17,1.0,0.0,0.0,72965764.0,1.0,0,1,135.78768456655678,114.78768456655678
179,179,179,184,Mamaroneck Town,12146.0,1,0.0,,0,1.0,0,158.0,16,141,1.0,0.0,0.0,147525316.0,1.0,0,1,229.06595330871383,71.06595330871386
180,180,180,185,Mamaroneck Village,19164.0,8,0.0,,1,2.0,5,181.0,23,150,8.0,0.0,0.0,367258896.0,1.0,0,1,410.70493500473435,229.7049350047344
181,181,181,186,Manchester Village,1688.0,0,0.0,,0,0.0,0,0.0,0,0,0.0,0.0,0.0,2849344.0,0.0,0,0,-23.28654173387097,-23.28654173387097
182,182,182,187,Manlius Town,24461.0,18,0.0,,0,4.0,14,402.0,56,343,3.0,0.0,0.0,598340521.0,1.0,0,1,547.8012140078437,145.80121400784358
183,183,183,188,Marcellus Village,1792.0,0,0.0,,0,0.0,0,13.0,2,11,0.0,0.0,0.0,3211264.0,0.0,0,0,-20.59482698659452,-33.59482698659452
184,184,184,189,Marlborough Town,8769.0,5,0.0,,0,1.0,4,135.0,35,97,3.0,1.0,0.0,76895361.0,1.0,0,1,141.66286963993903,6.662869639939033
185,185,185,190,Massena Village,10808.0,22,0.0,,2,2.0,18,410.0,52,358,0.0,,0.0,116812864.0,1.0,0,0,201.52448283285614,-208.47551716714386
186,186,186,191,Mechanicville,5213.0,8,0.0,,0,3.0,5,114.0,21,89,4.0,,0.0,27175369.0,1.0,0,1,49.626930781140366,-64.37306921885964
187,187,187,192,Medina Village,5953.0,12,0.0,,0,3.0,9,139.0,37,100,2.0,,0.0,35438209.0,1.0,0,1,68.7795164829151,-70.2204835170849
188,188,188,193,Menands Village,3991.0,5,0.0,,0,1.0,4,101.0,13,87,1.0,,0.0,15928081.0,1.0,0,1,17.999282500642067,-83.00071749935793
189,189,189,194,Middleport Village,1813.0,2,0.0,,0,0.0,2,19.0,1,16,2.0,0.0,0.0,3286969.0,0.0,0,1,-27.13978268538191,-46.13978268538191
190,190,190,195,Middletown,27809.0,114,1.0,,6,47.0,60,852.0,136,683,33.0,4.0,1.0,773340481.0,2.0,1,2,916.8056767646463,53.57402349328458
191,191,191,196,Monroe Village,8544.0,12,0.0,,0,5.0,7,137.0,16,118,3.0,0.0,0.0,72999936.0,1.0,0,1,135.8394483116967,-1.1605516883032865
192,192,192,197,Montgomery Town,8961.0,6,0.0,,2,1.0,3,114.0,22,91,1.0,,0.0,80299521.0,1.0,0,1,146.63218917337247,32.63218917337247
193,193,193,198,Montgomery Village,4188.0,2,0.0,,0,0.0,2,45.0,3,42,0.0,0.0,0.0,17539344.0,0.0,0,0,41.41813969104372,-3.58186030895628
194,194,194,199,Monticello Village,6582.0,48,0.0,,4,16.0,28,276.0,107,164,5.0,,0.0,43322724.0,2.0,0,1,85.05921432942368,-202.17243894193803
195,195,195,200,Moravia Village,1263.0,3,0.0,,0,0.0,3,15.0,0,15,0.0,0.0,0.0,1595169.0,0.0,0,0,-34.28633757610647,-49.28633757610647
196,196,196,201,Moriah Town,3628.0,7,0.0,,0,0.0,7,9.0,3,5,1.0,0.0,0.0,13162384.0,0.0,0,1,19.835816029106155,10.835816029106157
197,197,197,202,Mount Hope Town,7112.0,0,0.0,,0,0.0,0,32.0,6,25,1.0,,0.0,50580544.0,0.0,0,1,110.00826006286728,78.00826006286727
198,198,198,203,Mount Kisco Village,11028.0,17,0.0,,1,6.0,10,108.0,10,98,0.0,0.0,0.0,121616784.0,1.0,0,0,207.21849479824863,99.21849479824863
199,199,199,204,Mount Morris Village,2912.0,2,0.0,,0,1.0,1,74.0,10,63,1.0,,0.0,8479744.0,1.0,0,1,-9.927258002351104,-83.9272580023511
200,200,200,205,Mount Pleasant Town,26564.0,12,0.0,,0,6.0,6,226.0,25,198,3.0,0.0,0.0,705646096.0,1.0,0,1,602.2307920224819,376.23079202248186
201,201,201,207,Newark Village,8978.0,27,0.0,,3,7.0,17,334.0,71,261,2.0,,0.0,80604484.0,1.0,0,1,147.07218100706191,-186.92781899293809
202,202,202,208,New Berlin Town,1622.0,0,0.0,,0,0.0,0,0.0,0,0,0.0,0.0,0.0,2630884.0,0.0,0,0,-24.99474532348872,-24.99474532348872
203,203,203,210,Newburgh Town,30984.0,38,0.0,,5,15.0,18,1353.0,143,"1,182",28.0,2.0,0.0,960008256.0,2.0,1,2,866.3851962141663,-497.8464570571955
204,204,204,211,New Castle Town,17864.0,2,0.0,,0,0.0,2,77.0,13,62,2.0,0.0,0.0,319122496.0,0.0,0,1,388.2901539351404,311.2901539351404
205,205,205,212,New Hartford Town and Village,20355.0,13,0.0,,1,3.0,9,806.0,72,730,4.0,,0.0,414326025.0,1.0,0,1,441.53024523556365,-364.46975476443635
206,206,206,213,New Paltz Town and Village,14248.0,34,0.0,,4,4.0,26,200.0,16,180,4.0,0.0,0.0,203005504.0,1.0,0,1,283.46964945078213,83.46964945078213
207,207,207,214,New Rochelle,78800.0,175,0.0,,5,81.0,89,1391.0,150,"1,172",69.0,,0.0,6209440000.0,2.0,0,2,1947.1078125644626,544.876159293101
208,208,208,215,New Windsor Town,25767.0,31,0.0,,1,8.0,22,471.0,65,394,12.0,4.0,0.0,663938289.0,1.0,1,2,731.3594670166542,260.3594670166542
209,209,209,217,New York Mills Village,3324.0,2,0.0,,0,0.0,2,64.0,16,47,1.0,0.0,0.0,11048976.0,0.0,0,1,11.967726767836526,-52.032273232163476
210,210,210,219,Niagara Town,8241.0,13,0.0,,0,2.0,11,489.0,48,427,14.0,,0.0,67914081.0,1.0,0,2,120.90876590024037,-368.0912340997596
211,211,211,220,Niskayuna Town,22097.0,13,0.0,,1,5.0,7,341.0,51,282,8.0,,0.0,488277409.0,1.0,0,1,486.6164672524442,145.61646725244424
212,212,212,221,Nissequogue Village,1754.0,0,0.0,,0,0.0,0,8.0,1,6,1.0,0.0,0.0,3076516.0,0.0,0,1,-28.6668131670099,-36.6668131670099
213,213,213,222,North Castle Town,12077.0,3,0.0,,0,0.0,3,68.0,12,53,3.0,,0.0,145853929.0,0.0,0,1,238.51175737274787,170.51175737274787
214,214,214,223,North Greenbush Town,12137.0,8,0.0,,0,2.0,6,230.0,32,196,2.0,,0.0,147306769.0,1.0,0,1,228.8330164555841,-1.1669835444158707
215,215,215,224,Northport Village,7411.0,6,0.0,,0,1.0,5,59.0,11,44,4.0,2.0,0.0,54922921.0,1.0,1,1,263.36028914511724,204.36028914511726
216,216,216,225,North Syracuse Village,6964.0,10,0.0,,0,0.0,10,111.0,14,94,3.0,0.0,0.0,48497296.0,0.0,0,1,106.17774292251232,-4.822257077487677
217,217,217,226,North Tonawanda,31176.0,41,1.0,,8,17.0,15,586.0,114,455,17.0,,1.0,971942976.0,2.0,0,2,847.1049392525294,249.87328598116773
218,218,218,227,Northville Village,1097.0,0,0.0,,0,0.0,0,1.0,0,1,0.0,0.0,0.0,1203409.0,0.0,0,0,-38.58272842272081,-39.58272842272081
219,219,219,228,Norwich,7049.0,15,0.0,,4,0.0,11,325.0,25,297,3.0,0.0,0.0,49688401.0,0.0,0,1,108.37770209095942,-216.62229790904053
220,220,220,229,Ogdensburg,11072.0,23,0.0,,1,5.0,17,397.0,72,321,4.0,2.0,0.0,122589184.0,1.0,1,1,358.11382462376235,-38.88617537623765
221,221,221,230,Ogden Town,20026.0,17,0.0,,2,6.0,9,208.0,24,176,8.0,,0.0,401040676.0,1.0,0,1,433.01510916004486,225.01510916004497
222,222,222,231,Old Brookville Village,2171.0,4,0.0,,0,1.0,3,54.0,16,28,10.0,0.0,0.0,4713241.0,1.0,0,2,-36.19420059945249,-90.1942005994525
223,223,223,232,Old Westbury Village,4625.0,1,0.0,,0,0.0,1,39.0,6,29,4.0,0.0,0.0,21390625.0,0.0,0,1,45.64004298136214,6.64004298136213
224,224,224,233,Olean,14150.0,40,0.0,,5,5.0,30,593.0,76,508,9.0,,0.0,200222500.0,1.0,0,1,280.9332259389255,-312.0667740610745
225,225,225,234,Oneida,11220.0,18,0.0,,2,4.0,12,434.0,68,357,9.0,,0.0,125888400.0,1.0,0,1,205.09933930892544,-228.90066069107456
226,226,226,235,Oneonta City,13825.0,21,0.0,,3,11.0,7,311.0,69,238,4.0,3.0,0.0,191130625.0,2.0,1,1,429.3666198088784,107.13496653751673
227,227,227,236,Orangetown Town,37438.0,37,0.0,,1,13.0,23,317.0,41,262,14.0,,0.0,1401603844.0,2.0,0,2,876.581799325534,548.3501460541726
228,228,228,237,Orchard Park Town,29386.0,16,0.0,,2,4.0,10,346.0,37,297,12.0,0.0,0.0,863536996.0,1.0,0,2,668.1809613921689,322.1809613921689
229,229,229,238,Oriskany Village,1385.0,0,0.0,,0,0.0,0,10.0,2,8,0.0,0.0,0.0,1918225.0,0.0,0,0,-31.12874912257063,-41.12874912257063
230,230,230,239,Ossining Village,25314.0,36,0.0,,0,21.0,15,243.0,46,192,5.0,0.0,0.0,640798596.0,2.0,0,1,569.8784513100245,315.6467980386628
231,231,231,240,Oswego City,18139.0,54,1.0,,3,13.0,37,630.0,83,533,14.0,,1.0,329023321.0,2.0,0,2,509.6829665578843,-131.54868671347737
232,232,232,241,Owego Village,3818.0,9,0.0,,1,2.0,6,199.0,39,156,4.0,,0.0,14577124.0,1.0,0,1,13.521718546037974,-185.47828145396198
233,233,233,242,Oxford Village,1433.0,2,0.0,,0,1.0,1,13.0,1,12,0.0,0.0,0.0,2053489.0,1.0,0,0,-41.11807251057395,-54.11807251057395
234,234,234,243,Oyster Bay Cove Village,4233.0,0,0.0,,0,0.0,0,19.0,3,16,0.0,0.0,0.0,17918289.0,0.0,0,0,42.58282395669218,23.58282395669218
235,235,235,244,Painted Post Village,2116.0,1,0.0,,0,0.0,1,73.0,5,66,2.0,1.0,0.0,4477456.0,0.0,0,1,-19.297575296682247,-92.29757529668224
236,236,236,245,Palmyra Village,3475.0,4,0.0,,0,0.0,4,41.0,9,31,1.0,,0.0,12075625.0,0.0,0,1,15.875889525901373,-25.12411047409863
237,237,237,246,Peekskill,23908.0,30,0.0,,0,8.0,22,248.0,25,215,8.0,,0.0,571592464.0,1.0,0,1,533.4885384766524,285.48853847665237
238,238,238,247,Pelham Manor Village,5558.0,2,0.0,,0,1.0,1,147.0,14,130,3.0,,0.0,30891364.0,1.0,0,1,58.556176817778606,-88.44382318222141
239,239,239,248,Pelham Village,6982.0,7,0.0,,1,2.0,4,172.0,22,149,1.0,,0.0,48748324.0,1.0,0,1,95.41196335740999,-76.58803664259
240,240,240,249,Penn Yan Village,5123.0,4,0.0,,1,1.0,2,111.0,21,89,1.0,0.0,0.0,26245129.0,1.0,0,1,47.29756224984345,-63.70243775015655
241,241,241,250,Perry Village,3633.0,3,0.0,,0,0.0,3,99.0,14,84,1.0,,0.0,13198689.0,0.0,0,1,19.965225391955983,-79.03477460804402
242,242,242,251,Piermont Village,2550.0,1,0.0,,1,0.0,0,19.0,6,13,0.0,,0.0,6502500.0,0.0,0,0,-0.9763675785603853,-19.976367578560385
243,243,243,252,Pine Plains Town,2460.0,1,0.0,,0,0.0,1,12.0,1,9,2.0,0.0,0.0,6051600.0,0.0,0,1,-10.39421113261399,-22.39421113261399
244,244,244,253,Plattekill Town,10374.0,8,0.0,,1,2.0,5,106.0,28,77,1.0,,0.0,107619876.0,1.0,0,1,183.20327511473428,77.20327511473428
245,245,245,254,Plattsburgh City,19672.0,39,0.0,,3,4.0,32,483.0,79,396,8.0,,0.0,386987584.0,1.0,0,1,423.8529262702771,-59.147073729722926
246,246,246,255,Pleasantville Village,7100.0,0,0.0,,0,0.0,0,22.0,1,21,0.0,0.0,0.0,50410000.0,0.0,0,0,116.78615261478436,94.78615261478436
247,247,247,256,Port Byron Village,1274.0,0,0.0,,0,0.0,0,0.0,0,0,0.0,0.0,0.0,1623076.0,0.0,0,0,-34.00163697783685,-34.00163697783685
248,248,248,257,Port Chester Village,29328.0,48,0.0,,2,19.0,27,572.0,67,483,22.0,0.0,0.0,860131584.0,2.0,0,2,666.679812783111,83.44815951174928
249,249,249,258,Port Dickinson Village,1602.0,0,0.0,,0,0.0,0,31.0,0,31,0.0,0.0,0.0,2566404.0,0.0,0,0,-25.512382774888028,-56.51238277488803
250,250,250,259,Port Jervis,8689.0,15,1.0,,3,3.0,8,284.0,67,214,3.0,3.0,1.0,75498721.0,1.0,1,1,429.0327482496553,145.0327482496553
251,251,251,260,Portville Village,997.0,0,0.0,,0,0.0,0,8.0,1,7,0.0,0.0,0.0,994009.0,0.0,0,0,-41.170915679717396,-49.17091567971739
252,252,252,261,Potsdam Village,9613.0,8,0.0,,1,0.0,7,190.0,17,168,5.0,,0.0,92409769.0,0.0,0,1,174.73882336035192,-15.261176639648086
253,253,253,262,Poughkeepsie,30778.0,286,7.0,,16,100.0,163,787.0,189,589,9.0,,1.0,947285284.0,2.0,0,1,843.8924289924396,45.660775721077925
254,254,254,263,Poughkeepsie Town,43866.0,39,1.0,,1,12.0,25,1339.0,125,"1,203",11.0,,1.0,1924225956.0,2.0,0,2,1175.5459021653962,-174.68575110596544
255,255,255,264,Pound Ridge Town,5200.0,3,0.0,,0,0.0,3,33.0,15,18,0.0,,0.0,27040000.0,0.0,0,0,67.61059473184919,34.610594731849176
256,256,256,265,Pulaski Village,2354.0,1,0.0,,0,0.0,1,57.0,12,44,1.0,0.0,0.0,5541316.0,0.0,0,1,-13.137689625030367,-70.13768962503036
257,257,257,266,Quogue Village,977.0,0,0.0,,0,0.0,0,41.0,13,27,1.0,0.0,0.0,954529.0,0.0,0,1,-48.77702815387339,-89.77702815387339
258,258,258,268,Red Hook Village,1947.0,1,0.0,,0,0.0,1,30.0,6,24,0.0,0.0,0.0,3790809.0,0.0,0,0,-16.583136738249806,-46.58313673824982
259,259,259,269,Rensselaer City,9517.0,19,0.0,,4,3.0,12,159.0,44,108,7.0,2.0,0.0,90573289.0,1.0,1,1,317.8675127774654,158.86751277746538
260,260,260,270,Rhinebeck Village,2635.0,2,0.0,,0,0.0,2,42.0,0,41,1.0,0.0,0.0,6943225.0,0.0,0,1,-5.864883432869966,-47.864883432869966
261,261,261,271,Riverhead Town,33789.0,64,0.0,,3,26.0,35,922.0,160,729,33.0,0.0,0.0,1141696521.0,2.0,0,2,782.1388463177286,-151.09280695363302
262,262,262,273,Rockville Centre Village,24129.0,22,1.0,,1,11.0,9,271.0,30,223,18.0,0.0,1.0,582208641.0,2.0,0,2,664.7153832519798,382.4837299806181
263,263,263,274,Rome,32557.0,47,4.0,,0,23.0,20,662.0,157,470,35.0,2.0,1.0,1059958249.0,2.0,1,2,1039.6928077268442,366.4611544554825
264,264,264,275,Rosendale Town,6026.0,1,0.0,,0,0.0,1,60.0,16,44,0.0,,0.0,36312676.0,0.0,0,0,88.98902147464098,28.98902147464099
265,265,265,276,Rotterdam Town,29146.0,33,2.0,,4,16.0,11,829.0,109,700,20.0,4.0,1.0,849489316.0,2.0,1,2,951.4097403906906,111.1780871193289
266,266,266,277,Rye Brook Village,9480.0,2,0.0,,0,2.0,0,88.0,9,77,2.0,0.0,0.0,89870400.0,1.0,0,1,160.06488103718476,72.06488103718476
267,267,267,278,Sag Harbor Village,2279.0,3,0.0,,0,1.0,2,71.0,17,53,1.0,0.0,0.0,5193841.0,1.0,0,1,-26.310483339139505,-97.3104833391395
268,268,268,279,Salamanca,5691.0,18,0.0,,1,2.0,15,155.0,38,105,12.0,,0.0,32387481.0,1.0,0,2,54.909990846827405,-100.09000915317259
269,269,269,280,Sands Point Village,2715.0,0,0.0,,0,0.0,0,18.0,4,13,1.0,0.0,0.0,7371225.0,0.0,0,1,-3.794333627272685,-21.794333627272678
270,270,270,281,Saranac Lake Village,5369.0,26,1.0,,1,1.0,23,150.0,30,115,5.0,,1.0,28826161.0,1.0,0,1,186.2599288621767,36.25992886217668
271,271,271,282,Saratoga Springs,27081.0,33,1.0,,3,8.0,21,642.0,84,550,8.0,,1.0,733380561.0,1.0,0,1,748.2071461012758,106.20714610127584
272,272,272,283,Saugerties Town,19318.0,15,0.0,,3,5.0,7,319.0,51,268,0.0,0.0,0.0,373185124.0,1.0,0,0,421.77921840326576,102.77921840326576
273,273,273,284,Scarsdale Village,17564.0,1,0.0,,0,0.0,1,184.0,24,153,7.0,,0.0,308494096.0,0.0,0,1,380.5255921641506,196.52559216415062
274,274,274,286,Schodack Town,11573.0,4,0.0,,0,1.0,3,97.0,25,70,2.0,,0.0,133934329.0,1.0,0,1,214.23564032612342,117.23564032612343
275,275,275,287,Schoharie Village,872.0,0,0.0,,0,0.0,0,0.0,0,0,0.0,0.0,0.0,760384.0,0.0,0,0,-44.40614975096312,-44.40614975096312
276,276,276,288,Scotia Village,7700.0,5,1.0,,0,1.0,3,126.0,14,112,0.0,,1.0,59290000.0,1.0,0,0,253.67904884552382,127.6790488455238
277,277,277,289,Seneca Falls Town,2362.0,12,0.0,,0,1.0,11,292.0,49,238,5.0,,0.0,5579044.0,1.0,0,1,-24.16228791583233,-316.1622879158324
278,278,278,290,Shandaken Town,3043.0,4,0.0,,0,0.0,4,62.0,17,44,1.0,,0.0,9259849.0,0.0,0,1,4.6949205756761065,-57.30507942432389
279,279,279,291,Shawangunk Town,14205.0,3,0.0,,0,0.0,3,80.0,20,60,0.0,,0.0,201782025.0,0.0,0,0,300.67685722439194,220.67685722439202
280,280,280,292,Shelter Island Town,2412.0,3,0.0,,0,0.0,3,41.0,2,39,0.0,0.0,0.0,5817744.0,0.0,0,0,-4.548065993215673,-45.54806599321567
281,281,281,293,Sherburne Village,1351.0,1,0.0,,0,0.0,1,15.0,7,8,0.0,0.0,0.0,1825201.0,0.0,0,0,-32.00873278994947,-47.00873278994946
282,282,282,294,Sherrill,3064.0,4,0.0,,0,0.0,4,37.0,14,23,0.0,,0.0,9388096.0,0.0,0,0,12.326914922402082,-24.67308507759793
283,283,283,295,Shortsville Village,1437.0,0,0.0,,0,0.0,0,0.0,0,0,0.0,0.0,0.0,2064969.0,0.0,0,0,-29.78289174893241,-29.78289174893241
284,284,284,296,Sidney Village,3805.0,7,0.0,,4,1.0,2,185.0,21,161,3.0,,0.0,14478025.0,1.0,0,1,13.185254202628414,-171.8147457973716
285,285,285,297,Skaneateles Village,2450.0,0,0.0,,0,0.0,0,10.0,2,8,0.0,0.0,0.0,6002500.0,0.0,0,0,-3.5645548355569687,-13.564554835556967
286,286,286,298,Sleepy Hollow Village,9996.0,8,1.0,,0,1.0,6,58.0,9,47,2.0,0.0,1.0,99920016.0,1.0,0,1,306.0153532434088,248.0153532434088
287,287,287,299,Sodus Village,1805.0,0,0.0,,0,0.0,0,24.0,2,22,0.0,,0.0,3258025.0,0.0,0,0,-20.25836264318496,-44.25836264318496
288,288,288,300,Solvay Village,6487.0,19,0.0,,0,6.0,13,186.0,38,142,6.0,0.0,0.0,42081169.0,1.0,0,1,82.60043643527689,-103.39956356472312
289,289,289,301,Southampton Town,50603.0,44,0.0,,6,16.0,22,1020.0,219,752,49.0,1.0,0.0,2560663609.0,2.0,0,2,1217.316651709135,186.0849984377733
290,290,290,302,Southampton Village,3161.0,3,0.0,,0,1.0,2,118.0,9,105,4.0,,0.0,9991921.0,1.0,0,1,-3.4826717324296013,-121.4826717324296
291,291,291,303,South Glens Falls Village,3640.0,6,0.0,,1,1.0,4,114.0,17,95,2.0,,0.0,13249600.0,1.0,0,1,8.914745228584039,-105.08525477141596
292,292,292,304,Southold Town,19963.0,12,0.0,,1,5.0,6,343.0,70,271,2.0,,0.0,398521369.0,1.0,0,1,431.3845511881372,88.38455118813715
293,293,293,305,Spring Valley Village,32288.0,132,2.0,,9,34.0,87,404.0,53,335,16.0,,1.0,1042514944.0,2.0,0,2,875.8855815503314,460.65392827896966
294,294,294,306,Stillwater Town,6587.0,1,0.0,,0,0.0,1,24.0,4,18,2.0,1.0,0.0,43388569.0,0.0,0,1,96.4202769636352,72.42027696363519
295,295,295,307,St. Johnsville Village,1691.0,3,0.0,,0,0.0,3,47.0,8,39,0.0,,0.0,2859481.0,0.0,0,0,-23.20889611616107,-70.20889611616107
296,296,296,308,Stony Point Town,15307.0,12,0.0,,0,1.0,11,107.0,18,83,6.0,,0.0,234304249.0,1.0,0,1,310.878552502376,203.87855250237598
297,297,297,309,Suffern Village,10886.0,9,0.0,,0,1.0,8,60.0,11,48,1.0,0.0,0.0,118504996.0,1.0,0,1,196.45479387055684,136.45479387055684
298,298,298,311,Tarrytown Village,11449.0,6,0.0,,0,3.0,3,110.0,12,94,4.0,0.0,0.0,131079601.0,1.0,0,1,211.02628812744763,101.02628812744764
299,299,299,312,Ticonderoga Town,4982.0,11,0.0,,4,0.0,7,94.0,23,71,0.0,,0.0,24820324.0,0.0,0,0,61.968346511596614,-32.03165348840338
300,300,300,313,Tonawanda,14987.0,34,0.0,,0,4.0,30,315.0,24,289,2.0,4.0,0.0,224610169.0,1.0,1,1,459.44135573517883,144.44135573517875
301,301,301,314,Tonawanda Town,58082.0,118,1.0,,5,26.0,86,1099.0,190,882,27.0,1.0,1.0,3373518724.0,2.0,0,2,1543.4826026200315,433.2509493486698
302,302,302,316,Trumansburg Village,1820.0,2,0.0,,1,1.0,0,66.0,6,58,2.0,,0.0,3312400.0,1.0,0,1,-38.190262848753854,-104.19026284875385
303,303,303,317,Tuckahoe Village,6578.0,0,0.0,,0,0.0,0,35.0,7,27,1.0,0.0,0.0,43270084.0,0.0,0,1,96.18734011050549,61.1873401105055
304,304,304,318,Tupper Lake Village,3642.0,3,0.0,,0,0.0,3,83.0,22,59,2.0,,0.0,13264164.0,0.0,0,1,20.19816224508568,-62.80183775491433
305,305,305,319,Tuxedo Park Village,615.0,0,0.0,,0,0.0,0,0.0,0,0,0.0,0.0,0.0,378225.0,0.0,0,0,-51.05779100144436,-51.05779100144436
306,306,306,320,Ulster Town,12195.0,14,0.0,,3,2.0,9,437.0,25,410,2.0,,0.0,148718025.0,1.0,0,1,230.33416506464215,-206.66583493535785
307,307,307,322,Vestal Town,27980.0,16,0.0,,2,6.0,8,571.0,39,523,9.0,,0.0,782880400.0,1.0,0,1,638.8795235815535,67.87952358155349
308,308,308,323,Walden Village,6887.0,18,1.0,,2,1.0,14,142.0,13,124,5.0,,1.0,47430769.0,1.0,0,1,225.5486114233849,83.5486114233849
309,309,309,324,Wallkill Town,27940.0,40,0.0,,3,16.0,21,767.0,91,650,26.0,1.0,0.0,780643600.0,2.0,0,2,630.7557736559983,-147.4758796153635
310,310,310,325,Walton Village,3012.0,6,0.0,,1,0.0,5,68.0,18,50,0.0,,0.0,9072144.0,0.0,0,0,10.981057548763854,-57.01894245123614
311,311,311,326,Warsaw Village,3453.0,6,0.0,,1,0.0,5,78.0,5,73,0.0,0.0,0.0,11923209.0,0.0,0,0,22.394963352118808,-55.605036647881185
312,312,312,327,Washingtonville Village,5828.0,2,0.0,,0,1.0,1,58.0,5,51,2.0,0.0,0.0,33965584.0,1.0,0,1,65.54428241166937,7.544282411669371
313,313,313,328,Waterford Town and Village,8392.0,4,0.0,,0,0.0,4,59.0,6,52,1.0,0.0,0.0,70425664.0,0.0,0,1,143.1370569524236,84.13705695242359
314,314,314,329,Waterloo Village,5175.0,11,0.0,,0,3.0,8,194.0,23,169,2.0,,0.0,26780625.0,1.0,0,1,48.643419623481655,-145.35658037651834
315,315,315,330,Watertown,28179.0,109,0.0,,12,16.0,81,1165.0,169,953,43.0,,0.0,794056041.0,2.0,0,2,636.9415412002203,-539.2901120711415
316,316,316,331,Watervliet,10245.0,26,1.0,,3,11.0,11,242.0,58,163,21.0,,1.0,104960025.0,2.0,0,2,305.3714644905736,52.13981121921189
317,317,317,332,Watkins Glen Village,1862.0,6,0.0,,0,0.0,6,92.0,10,80,2.0,,0.0,3467044.0,0.0,0,1,-25.871570929453586,-117.87157092945358
318,318,318,333,Waverly Village,4337.0,5,0.0,,0,1.0,4,54.0,9,41,4.0,,0.0,18809569.0,1.0,0,1,26.95441040985027,-27.04558959014973
319,319,319,334,Webster Town and Village,43777.0,21,0.0,,2,3.0,16,469.0,101,361,7.0,,0.0,1916425729.0,1.0,0,1,1047.7354645693044,578.7354645693043
320,320,320,335,Weedsport Village,1797.0,0,0.0,,0,0.0,0,25.0,5,20,0.0,0.0,0.0,3229209.0,0.0,0,0,-20.46541762374469,-45.465417623744685
321,321,321,336,Wellsville Village,4574.0,11,0.0,,1,0.0,10,164.0,32,129,3.0,1.0,0.0,20921476.0,0.0,0,1,44.320067480293865,-119.67993251970611
322,322,322,337,Westhampton Beach Village,1732.0,2,0.0,,0,0.0,2,44.0,4,37,3.0,0.0,0.0,2999824.0,0.0,0,1,-29.236214363549145,-73.23621436354915
323,323,323,338,West Seneca Town,44821.0,35,1.0,,1,9.0,24,896.0,166,710,20.0,0.0,1.0,2008922041.0,2.0,0,2,1200.2630904697135,293.031437198352
324,324,324,339,Whitehall Village,2604.0,6,0.0,,0,0.0,6,62.0,12,49,1.0,,0.0,6780816.0,0.0,0,1,-6.667221482538898,-68.6672214825389
325,325,325,340,White Plains,57559.0,78,1.0,,3,28.0,46,1232.0,77,"1,134",21.0,,1.0,3313038481.0,2.0,0,2,1529.9463832659396,286.7147299945775
326,326,326,341,Whitesboro Village,3733.0,4,0.0,,0,0.0,4,36.0,14,21,1.0,0.0,0.0,13935289.0,0.0,0,1,22.55341264895256,-13.44658735104744
327,327,327,342,Whitestown Town,9141.0,0,0.0,,0,0.0,0,77.0,13,61,3.0,0.0,0.0,83557881.0,0.0,0,1,162.52257950732803,85.52257950732803
328,328,328,343,Woodbury Town,10685.0,3,0.0,,0,2.0,1,541.0,9,529,3.0,,0.0,114169225.0,1.0,0,1,191.25253748399368,-349.7474625160063
329,329,329,344,Woodridge Village,829.0,7,0.0,,0,0.0,7,17.0,8,9,0.0,0.0,0.0,687241.0,0.0,0,0,-45.519070271471655,-62.519070271471655
330,330,330,345,Woodstock Town,5931.0,2,0.0,,0,0.0,2,58.0,13,45,0.0,,0.0,35176761.0,0.0,0,0,86.53024358049423,28.53024358049425
331,331,331,347,Yorktown Town,36643.0,15,0.0,,0,2.0,13,334.0,45,287,2.0,,0.0,1342709449.0,1.0,0,1,863.0941856551677,529.0941856551678
